19.0 111.0 248.0 377.0 229.0 266.0 0.8746917247772217 1.0 lambsquarter 2023-06-01 00:33:30.758940
75.0 247.0 420.0 376.0 345.0 129.0 0.6650200486183167 2.0 nut_grass 2023-06-01 10:04:17.735606
42.0 243.0 359.0 384.0 317.0 141.0 0.4676169455051422 2.0 nut_grass 2023-06-01 10:04:20.465924
56.0 245.0 402.0 380.0 346.0 135.0 0.5277978181838989 2.0 nut_grass 2023-06-01 10:04:21.048989
0.0 215.0 304.0 357.0 304.0 142.0 0.5109609365463257 2.0 nut_grass 2023-06-01 10:04:23.293854
3.0 215.0 300.0 361.0 297.0 146.0 0.6839103698730469 2.0 nut_grass 2023-06-01 10:04:23.844097
0.0 215.0 301.0 366.0 301.0 151.0 0.42571938037872314 2.0 nut_grass 2023-06-01 10:04:24.424941
0.0 215.0 302.0 362.0 302.0 147.0 0.4905974566936493 2.0 nut_grass 2023-06-01 10:04:24.958337
0.0 216.0 304.0 363.0 304.0 147.0 0.5454483032226562 2.0 nut_grass 2023-06-01 10:04:25.523429
0.0 216.0 305.0 359.0 305.0 143.0 0.4346984326839447 2.0 nut_grass 2023-06-01 10:04:26.088789
0.0 215.0 299.0 354.0 299.0 139.0 0.692686140537262 2.0 nut_grass 2023-06-01 10:04:26.693630
1.0 214.0 300.0 352.0 299.0 138.0 0.7921028733253479 2.0 nut_grass 2023-06-01 10:04:27.242725
0.0 214.0 298.0 350.0 298.0 136.0 0.7860422134399414 2.0 nut_grass 2023-06-01 10:04:27.807827
0.0 214.0 306.0 355.0 306.0 141.0 0.7505502700805664 2.0 nut_grass 2023-06-01 10:04:28.325960
0.0 214.0 305.0 353.0 305.0 139.0 0.7500355839729309 2.0 nut_grass 2023-06-01 10:04:28.891413
0.0 215.0 301.0 352.0 301.0 137.0 0.7054653167724609 2.0 nut_grass 2023-06-01 10:04:29.490379
0.0 213.0 300.0 353.0 300.0 140.0 0.6392418146133423 2.0 nut_grass 2023-06-01 10:04:30.052435
0.0 213.0 301.0 352.0 301.0 139.0 0.6532782316207886 2.0 nut_grass 2023-06-01 10:04:30.649025
0.0 210.0 305.0 354.0 305.0 144.0 0.46321961283683777 2.0 nut_grass 2023-06-01 10:04:31.271728
0.0 213.0 304.0 347.0 304.0 134.0 0.6155521273612976 2.0 nut_grass 2023-06-01 10:04:31.901380
2.0 213.0 298.0 354.0 296.0 141.0 0.6052740216255188 2.0 nut_grass 2023-06-01 10:04:32.418129
0.0 212.0 299.0 349.0 299.0 137.0 0.7382261753082275 2.0 nut_grass 2023-06-01 10:04:33.021596
0.0 213.0 305.0 357.0 305.0 144.0 0.5472609996795654 2.0 nut_grass 2023-06-01 10:04:33.554753
0.0 209.0 299.0 346.0 299.0 137.0 0.5792956352233887 2.0 nut_grass 2023-06-01 10:04:34.135666
0.0 210.0 298.0 343.0 298.0 133.0 0.6634596586227417 2.0 nut_grass 2023-06-01 10:04:34.638135
0.0 212.0 299.0 353.0 299.0 141.0 0.6223650574684143 2.0 nut_grass 2023-06-01 10:04:35.186873
0.0 211.0 295.0 354.0 295.0 143.0 0.4703819453716278 2.0 nut_grass 2023-06-01 10:04:35.783664
0.0 213.0 304.0 350.0 304.0 137.0 0.6437867283821106 2.0 nut_grass 2023-06-01 10:04:36.868264
0.0 212.0 301.0 348.0 301.0 136.0 0.6129616498947144 2.0 nut_grass 2023-06-01 10:04:37.433545
0.0 212.0 301.0 360.0 301.0 148.0 0.57280433177948 2.0 nut_grass 2023-06-01 10:04:38.014363
0.0 213.0 300.0 360.0 300.0 147.0 0.6534509062767029 2.0 nut_grass 2023-06-01 10:04:38.596014
0.0 262.0 208.0 421.0 208.0 159.0 0.6833192706108093 3.0 parthenium 2023-06-01 10:04:39.741313
0.0 212.0 211.0 421.0 211.0 209.0 0.7081303596496582 3.0 parthenium 2023-06-01 10:04:40.337854
16.0 200.0 216.0 425.0 200.0 225.0 0.521950900554657 3.0 parthenium 2023-06-01 10:04:40.949876
12.0 203.0 218.0 424.0 206.0 221.0 0.6183133125305176 3.0 parthenium 2023-06-01 10:04:41.493065
0.0 270.0 204.0 419.0 204.0 149.0 0.5775676369667053 3.0 parthenium 2023-06-01 10:04:42.042931
22.0 206.0 217.0 422.0 195.0 216.0 0.4045415222644806 3.0 parthenium 2023-06-01 10:04:42.639659
13.0 26.0 420.0 260.0 407.0 234.0 0.48899346590042114 3.0 parthenium 2023-06-01 10:04:45.422477
14.0 31.0 420.0 252.0 406.0 221.0 0.41892480850219727 3.0 parthenium 2023-06-01 10:04:47.137294
81.0 45.0 420.0 325.0 339.0 280.0 0.45359358191490173 3.0 parthenium 2023-06-01 10:04:54.011854
12.0 95.0 420.0 317.0 408.0 222.0 0.536780059337616 1.0 lambsquarter 2023-06-01 10:04:57.344100
20.0 96.0 420.0 324.0 400.0 228.0 0.4040716290473938 1.0 lambsquarter 2023-06-01 10:04:59.003850
318.0 379.0 420.0 615.0 102.0 236.0 0.4886288344860077 1.0 lambsquarter 2023-06-01 10:05:24.816843
301.0 383.0 420.0 620.0 119.0 237.0 0.5653842091560364 1.0 lambsquarter 2023-06-01 10:05:25.700859
303.0 367.0 420.0 623.0 117.0 256.0 0.43042224645614624 1.0 lambsquarter 2023-06-01 10:05:27.180778
264.0 370.0 420.0 609.0 156.0 239.0 0.554827868938446 1.0 lambsquarter 2023-06-01 10:05:29.207346
279.0 372.0 420.0 610.0 141.0 238.0 0.6105344295501709 1.0 lambsquarter 2023-06-01 10:05:29.802115
243.0 367.0 420.0 608.0 177.0 241.0 0.4816136658191681 1.0 lambsquarter 2023-06-01 10:05:30.398428
271.0 373.0 420.0 612.0 149.0 239.0 0.6404842138290405 1.0 lambsquarter 2023-06-01 10:05:30.995374
266.0 374.0 420.0 610.0 154.0 236.0 0.5377928018569946 1.0 lambsquarter 2023-06-01 10:05:31.612145
270.0 373.0 420.0 614.0 150.0 241.0 0.4369102716445923 1.0 lambsquarter 2023-06-01 10:05:32.219545
261.0 363.0 420.0 585.0 159.0 222.0 0.5251419544219971 1.0 lambsquarter 2023-06-01 10:05:34.010221
269.0 362.0 419.0 587.0 150.0 225.0 0.6070679426193237 1.0 lambsquarter 2023-06-01 10:05:37.242901
287.0 366.0 420.0 598.0 133.0 232.0 0.407278835773468 1.0 lambsquarter 2023-06-01 10:05:38.058913
226.0 361.0 420.0 583.0 194.0 222.0 0.4779411852359772 1.0 lambsquarter 2023-06-01 10:05:38.735260
276.0 364.0 420.0 576.0 144.0 212.0 0.7463982701301575 1.0 lambsquarter 2023-06-01 10:05:39.347207
330.0 358.0 420.0 557.0 90.0 199.0 0.5379090905189514 1.0 lambsquarter 2023-06-01 10:05:42.040107
300.0 355.0 420.0 557.0 120.0 202.0 0.40315768122673035 1.0 lambsquarter 2023-06-01 10:05:43.452899
271.0 360.0 420.0 575.0 149.0 215.0 0.5580019950866699 1.0 lambsquarter 2023-06-01 10:05:44.143439
127.0 403.0 420.0 632.0 293.0 229.0 0.5424599051475525 3.0 parthenium 2023-06-01 10:05:47.659422
7.0 164.0 371.0 312.0 364.0 148.0 0.8410405516624451 2.0 nut_grass 2023-06-01 10:05:47.659422
70.0 402.0 420.0 610.0 350.0 208.0 0.5466351509094238 3.0 parthenium 2023-06-01 10:05:48.255743
220.0 401.0 420.0 618.0 200.0 217.0 0.6072294116020203 3.0 parthenium 2023-06-01 10:05:48.852574
27.0 424.0 420.0 637.0 393.0 213.0 0.8866978287696838 3.0 parthenium 2023-06-01 10:05:49.451026
41.0 194.0 401.0 325.0 360.0 131.0 0.43989846110343933 2.0 nut_grass 2023-06-01 10:05:50.028893
39.0 555.0 413.0 640.0 374.0 85.0 0.544687807559967 3.0 parthenium 2023-06-01 10:05:50.028893
226.0 435.0 420.0 640.0 194.0 205.0 0.7782156467437744 3.0 parthenium 2023-06-01 10:05:50.028893
28.0 493.0 420.0 639.0 392.0 146.0 0.5156450271606445 3.0 parthenium 2023-06-01 10:05:50.562764
224.0 437.0 420.0 639.0 196.0 202.0 0.7372759580612183 3.0 parthenium 2023-06-01 10:05:50.562764
46.0 197.0 388.0 332.0 342.0 135.0 0.5841898918151855 2.0 nut_grass 2023-06-01 10:05:51.142843
70.0 433.0 420.0 638.0 350.0 205.0 0.6918348670005798 3.0 parthenium 2023-06-01 10:05:51.142843
33.0 195.0 364.0 337.0 331.0 142.0 0.6199831962585449 2.0 nut_grass 2023-06-01 10:05:51.739600
86.0 434.0 420.0 639.0 334.0 205.0 0.6761956214904785 3.0 parthenium 2023-06-01 10:05:51.739600
56.0 196.0 394.0 337.0 338.0 141.0 0.5141929984092712 2.0 nut_grass 2023-06-01 10:05:52.304887
84.0 431.0 420.0 639.0 336.0 208.0 0.6562561988830566 3.0 parthenium 2023-06-01 10:05:52.304887
43.0 484.0 420.0 637.0 377.0 153.0 0.44812601804733276 3.0 parthenium 2023-06-01 10:05:52.870119
40.0 193.0 367.0 335.0 327.0 142.0 0.5279253721237183 2.0 nut_grass 2023-06-01 10:05:52.870119
225.0 436.0 420.0 636.0 195.0 200.0 0.6247180700302124 3.0 parthenium 2023-06-01 10:05:52.870119
38.0 196.0 393.0 343.0 355.0 147.0 0.5025096535682678 2.0 nut_grass 2023-06-01 10:05:53.485317
120.0 436.0 420.0 638.0 300.0 202.0 0.6823182106018066 3.0 parthenium 2023-06-01 10:05:53.485317
59.0 195.0 392.0 332.0 333.0 137.0 0.4859040379524231 2.0 nut_grass 2023-06-01 10:05:54.050201
25.0 495.0 420.0 639.0 395.0 144.0 0.48745760321617126 3.0 parthenium 2023-06-01 10:05:54.050201
228.0 436.0 420.0 636.0 192.0 200.0 0.8005291819572449 3.0 parthenium 2023-06-01 10:05:54.050201
77.0 428.0 420.0 637.0 343.0 209.0 0.8327354788780212 3.0 parthenium 2023-06-01 10:05:54.646920
120.0 428.0 420.0 638.0 300.0 210.0 0.7258968949317932 3.0 parthenium 2023-06-01 10:05:55.275102
68.0 425.0 420.0 640.0 352.0 215.0 0.8096970915794373 3.0 parthenium 2023-06-01 10:05:55.824321
44.0 195.0 397.0 328.0 353.0 133.0 0.41419267654418945 2.0 nut_grass 2023-06-01 10:05:56.426333
73.0 426.0 420.0 639.0 347.0 213.0 0.7088554501533508 3.0 parthenium 2023-06-01 10:05:56.426333
73.0 427.0 420.0 640.0 347.0 213.0 0.8300586342811584 3.0 parthenium 2023-06-01 10:05:57.006761
69.0 425.0 420.0 639.0 351.0 214.0 0.811965823173523 3.0 parthenium 2023-06-01 10:05:57.555817
72.0 421.0 420.0 640.0 348.0 219.0 0.7916070222854614 3.0 parthenium 2023-06-01 10:05:58.121154
169.0 373.0 420.0 580.0 251.0 207.0 0.6937916278839111 3.0 parthenium 2023-06-01 10:05:58.700476
98.0 328.0 415.0 529.0 317.0 201.0 0.7880493998527527 1.0 lambsquarter 2023-06-01 10:05:59.296300
0.0 96.0 324.0 274.0 324.0 178.0 0.8745125532150269 2.0 nut_grass 2023-06-01 10:05:59.296300
161.0 342.0 418.0 535.0 257.0 193.0 0.4568524956703186 1.0 lambsquarter 2023-06-01 10:05:59.908327
0.0 103.0 342.0 198.0 342.0 95.0 0.4941902458667755 2.0 nut_grass 2023-06-01 10:06:00.520383
170.0 343.0 417.0 530.0 247.0 187.0 0.5923454761505127 1.0 lambsquarter 2023-06-01 10:06:00.520383
171.0 343.0 419.0 525.0 248.0 182.0 0.7356836199760437 1.0 lambsquarter 2023-06-01 10:06:01.116213
165.0 343.0 413.0 528.0 248.0 185.0 0.7341309189796448 1.0 lambsquarter 2023-06-01 10:06:01.665267
188.0 342.0 418.0 530.0 230.0 188.0 0.5804632902145386 1.0 lambsquarter 2023-06-01 10:06:02.779498
0.0 103.0 237.0 193.0 237.0 90.0 0.6202412843704224 2.0 nut_grass 2023-06-01 10:06:02.779498
50.0 344.0 420.0 571.0 370.0 227.0 0.4182797372341156 3.0 parthenium 2023-06-01 10:06:05.183106
0.0 117.0 222.0 194.0 222.0 77.0 0.42486047744750977 2.0 nut_grass 2023-06-01 10:06:05.761765
47.0 354.0 420.0 574.0 373.0 220.0 0.6221966743469238 3.0 parthenium 2023-06-01 10:06:06.336502
1.0 127.0 290.0 213.0 289.0 86.0 0.40880340337753296 2.0 nut_grass 2023-06-01 10:06:06.933141
1.0 127.0 280.0 210.0 279.0 83.0 0.410063236951828 2.0 nut_grass 2023-06-01 10:06:07.529802
56.0 354.0 420.0 571.0 364.0 217.0 0.46590590476989746 3.0 parthenium 2023-06-01 10:06:07.529802
53.0 354.0 420.0 579.0 367.0 225.0 0.4125683605670929 3.0 parthenium 2023-06-01 10:06:08.095253
0.0 129.0 284.0 215.0 284.0 86.0 0.40061938762664795 2.0 nut_grass 2023-06-01 10:06:10.437438
1.0 128.0 259.0 211.0 258.0 83.0 0.6542367935180664 2.0 nut_grass 2023-06-01 10:06:11.049899
204.0 345.0 420.0 555.0 216.0 210.0 0.4121129810810089 3.0 parthenium 2023-06-01 10:06:11.619577
187.0 357.0 420.0 557.0 233.0 200.0 0.4830082654953003 1.0 lambsquarter 2023-06-01 10:06:12.200337
190.0 355.0 420.0 558.0 230.0 203.0 0.6519396305084229 1.0 lambsquarter 2023-06-01 10:06:12.780644
28.0 223.0 74.0 262.0 46.0 39.0 0.7126649618148804 0.0 borh 2023-06-01 10:06:15.105097
8.0 218.0 61.0 268.0 53.0 50.0 0.8963409066200256 0.0 borh 2023-06-01 10:06:16.824632
23.0 220.0 77.0 271.0 54.0 51.0 0.8302904367446899 0.0 borh 2023-06-01 10:06:17.373877
23.0 220.0 76.0 270.0 53.0 50.0 0.7880030274391174 0.0 borh 2023-06-01 10:06:17.938845
23.0 211.0 75.0 258.0 52.0 47.0 0.9018611311912537 0.0 borh 2023-06-01 10:06:18.519377
252.0 440.0 295.0 485.0 43.0 45.0 0.694595992565155 0.0 borh 2023-06-01 10:06:20.262102
304.0 448.0 350.0 481.0 46.0 33.0 0.8366168141365051 0.0 borh 2023-06-01 10:06:21.426733
244.0 455.0 279.0 497.0 35.0 42.0 0.8625034689903259 0.0 borh 2023-06-01 10:06:21.426733
255.0 447.0 294.0 491.0 39.0 44.0 0.6977627873420715 0.0 borh 2023-06-01 10:06:22.023072
321.0 444.0 364.0 470.0 43.0 26.0 0.7742449045181274 0.0 borh 2023-06-01 10:06:22.023072
323.0 451.0 372.0 481.0 49.0 30.0 0.7106900811195374 0.0 borh 2023-06-01 10:06:22.666701
256.0 457.0 296.0 501.0 40.0 44.0 0.7466896772384644 0.0 borh 2023-06-01 10:06:22.666701
266.0 467.0 304.0 513.0 38.0 46.0 0.7790785431861877 0.0 borh 2023-06-01 10:06:23.231679
335.0 460.0 383.0 494.0 48.0 34.0 0.8241257667541504 0.0 borh 2023-06-01 10:06:23.231679
274.0 469.0 313.0 515.0 39.0 46.0 0.6493248343467712 0.0 borh 2023-06-01 10:06:23.819837
283.0 478.0 324.0 520.0 41.0 42.0 0.7457055449485779 0.0 borh 2023-06-01 10:06:24.394623
5.0 101.0 41.0 135.0 36.0 34.0 0.4709272086620331 0.0 borh 2023-06-01 10:06:24.991016
289.0 488.0 336.0 532.0 47.0 44.0 0.8254050016403198 0.0 borh 2023-06-01 10:06:24.991016
300.0 491.0 340.0 535.0 40.0 44.0 0.6985300779342651 0.0 borh 2023-06-01 10:06:25.586757
8.0 97.0 48.0 131.0 40.0 34.0 0.40864476561546326 0.0 borh 2023-06-01 10:06:26.167029
303.0 492.0 342.0 536.0 39.0 44.0 0.7756433486938477 0.0 borh 2023-06-01 10:06:26.167029
363.0 453.0 413.0 489.0 50.0 36.0 0.5272097587585449 0.0 borh 2023-06-01 10:06:26.715929
292.0 456.0 334.0 503.0 42.0 47.0 0.8389328718185425 0.0 borh 2023-06-01 10:06:26.715929
27.0 90.0 420.0 341.0 393.0 251.0 0.868020236492157 2.0 nut_grass 2023-06-01 10:06:38.488932
79.0 108.0 417.0 337.0 338.0 229.0 0.8112102150917053 2.0 nut_grass 2023-06-01 10:06:39.070059
33.0 106.0 376.0 237.0 343.0 131.0 0.7830262780189514 2.0 nut_grass 2023-06-01 10:06:39.729387
0.0 121.0 385.0 372.0 385.0 251.0 0.8514038324356079 2.0 nut_grass 2023-06-01 10:06:40.294466
10.0 142.0 390.0 361.0 380.0 219.0 0.5129645466804504 2.0 nut_grass 2023-06-01 10:06:40.859752
79.0 159.0 413.0 391.0 334.0 232.0 0.8779247999191284 2.0 nut_grass 2023-06-01 10:06:41.415509
14.0 142.0 371.0 318.0 357.0 176.0 0.8611486554145813 2.0 nut_grass 2023-06-01 10:06:41.980757
49.0 150.0 384.0 316.0 335.0 166.0 0.7425412535667419 2.0 nut_grass 2023-06-01 10:06:42.592207
17.0 157.0 379.0 375.0 362.0 218.0 0.5141778588294983 3.0 parthenium 2023-06-01 10:06:43.141618
40.0 161.0 398.0 373.0 358.0 212.0 0.5410707592964172 2.0 nut_grass 2023-06-01 10:06:43.141618
175.0 462.0 420.0 631.0 245.0 169.0 0.665507972240448 3.0 parthenium 2023-06-01 10:06:44.837488
200.0 430.0 399.0 640.0 199.0 210.0 0.6571149826049805 3.0 parthenium 2023-06-01 10:06:51.352086
201.0 423.0 401.0 640.0 200.0 217.0 0.6352084875106812 3.0 parthenium 2023-06-01 10:06:51.917892
